19
19
23
23
28
62
82
129
153
186
206
232
254
301
350
386
430
459
499
533
529
535
531
516
503
498
497
472
453
433
401
408
396
388
380
362
353
350
317
319
336
335
324
319
320
290
285
310
284
267
255
249
232
243
252
228
209
199
205
194
196
198
177
164
147
137
140
133
144
141
127
122
119
119
119
116
112
107
110
106
100
98
103
99
100
97
85
81
75
79
73
71
63
63
54
55
58
60
39
38
37
39
38
37
32
33
36
31
29
30
35
32
29
29
27
27
27
23
17
18
18
17
17
17
18
18
17
17
20
20
20
18
18
16
19
16
16
16
23
22
21
18
18
18
18
24
24
23
24
25
25
25
23
20
16
13
14
14
14
16
18
16
20
22
22
22
20
21
19
19
21
21
21
23
20
15
17
18
16
27
29
28
28
35
44
